H         -0.635085100000     0.224536500000     0.000000000000
H         -0.158771100000     0.224536500000    -0.275000000000
H         -0.158771100000     0.224536500000     0.275000000000
H          0.317542900000     0.224536500000    -0.550000000000
H          0.317542900000     0.224536500000     0.000000000000
H          0.317542900000     0.224536500000     0.550000000000
H         -0.317543100000    -0.224536500000     0.000000000000
H          0.158770900000    -0.224536500000    -0.275000000000
H          0.158770900000    -0.224536500000     0.275000000000
H         -0.000000100000    -0.673609500000     0.000000000000
