H         -0.808290000000     0.285774000000     0.000000000000
H         -0.202073000000     0.285774000000    -0.350000000000
H         -0.202073000000     0.285774000000     0.350000000000
H          0.404145000000     0.285774000000    -0.700000000000
H          0.404145000000     0.285774000000     0.000000000000
H          0.404145000000     0.285774000000     0.700000000000
H         -0.404145000000    -0.285774000000     0.000000000000
H          0.202073000000    -0.285774000000    -0.350000000000
H          0.202073000000    -0.285774000000     0.350000000000
H          0.000000000000    -0.857322000000     0.000000000000
