H         -1.096966000000     0.387836000000     0.000000000000
H         -0.274241000000     0.387836000000    -0.475000000000
H         -0.274241000000     0.387836000000     0.475000000000
H          0.548483000000     0.387836000000    -0.950000000000
H          0.548483000000     0.387836000000     0.000000000000
H          0.548483000000     0.387836000000     0.950000000000
H         -0.548483000000    -0.387836000000     0.000000000000
H          0.274241000000    -0.387836000000    -0.475000000000
H          0.274241000000    -0.387836000000     0.475000000000
H          0.000000000000    -1.163508000000     0.000000000000
