H         -0.866025100000     0.306186000000     0.000000000000
H         -0.216506100000     0.306186000000    -0.375000000000
H         -0.216506100000     0.306186000000     0.375000000000
H          0.433012900000     0.306186000000    -0.750000000000
H          0.433012900000     0.306186000000     0.000000000000
H          0.433012900000     0.306186000000     0.750000000000
H         -0.433013100000    -0.306186000000     0.000000000000
H          0.216505900000    -0.306186000000    -0.375000000000
H          0.216505900000    -0.306186000000     0.375000000000
H         -0.000000100000    -0.918558000000     0.000000000000
