H         -0.750555100000     0.265361500000     0.000000000000
H         -0.187639100000     0.265361500000    -0.325000000000
H         -0.187639100000     0.265361500000     0.325000000000
H          0.375277900000     0.265361500000    -0.650000000000
H          0.375277900000     0.265361500000     0.000000000000
H          0.375277900000     0.265361500000     0.650000000000
H         -0.375278100000    -0.265361500000     0.000000000000
H          0.187638900000    -0.265361500000    -0.325000000000
H          0.187638900000    -0.265361500000     0.325000000000
H         -0.000000100000    -0.796084500000     0.000000000000
