H         -0.923760000000     0.326598500000     0.000000000000
H         -0.230940000000     0.326598500000    -0.400000000000
H         -0.230940000000     0.326598500000     0.400000000000
H          0.461880000000     0.326598500000    -0.800000000000
H          0.461880000000     0.326598500000     0.000000000000
H          0.461880000000     0.326598500000     0.800000000000
H         -0.461880000000    -0.326598500000     0.000000000000
H          0.230940000000    -0.326598500000    -0.400000000000
H          0.230940000000    -0.326598500000     0.400000000000
H         -0.000000000000    -0.979795500000     0.000000000000
