H         -1.039230000000     0.367423500000     0.000000000000
H         -0.259808000000     0.367423500000    -0.450000000000
H         -0.259808000000     0.367423500000     0.450000000000
H          0.519615000000     0.367423500000    -0.900000000000
H          0.519615000000     0.367423500000     0.000000000000
H          0.519615000000     0.367423500000     0.900000000000
H         -0.519615000000    -0.367423500000     0.000000000000
H          0.259808000000    -0.367423500000    -0.450000000000
H          0.259808000000    -0.367423500000     0.450000000000
H          0.000000000000    -1.102270500000     0.000000000000
