H         -0.981495100000     0.347011000000     0.000000000000
H         -0.245374100000     0.347011000000    -0.425000000000
H         -0.245374100000     0.347011000000     0.425000000000
H          0.490747900000     0.347011000000    -0.850000000000
H          0.490747900000     0.347011000000     0.000000000000
H          0.490747900000     0.347011000000     0.850000000000
H         -0.490748100000    -0.347011000000     0.000000000000
H          0.245373900000    -0.347011000000    -0.425000000000
H          0.245373900000    -0.347011000000     0.425000000000
H         -0.000000100000    -1.041033000000     0.000000000000
