H         -0.577350000000     0.204124000000     0.000000000000
H         -0.144338000000     0.204124000000    -0.250000000000
H         -0.144338000000     0.204124000000     0.250000000000
H          0.288675000000     0.204124000000    -0.500000000000
H          0.288675000000     0.204124000000     0.000000000000
H          0.288675000000     0.204124000000     0.500000000000
H         -0.288675000000    -0.204124000000     0.000000000000
H          0.144338000000    -0.204124000000    -0.250000000000
H          0.144338000000    -0.204124000000     0.250000000000
H          0.000000000000    -0.612372000000     0.000000000000
