H         -0.692820000000     0.244949000000     0.000000000000
H         -0.173205000000     0.244949000000    -0.300000000000
H         -0.173205000000     0.244949000000     0.300000000000
H          0.346410000000     0.244949000000    -0.600000000000
H          0.346410000000     0.244949000000     0.000000000000
H          0.346410000000     0.244949000000     0.600000000000
H         -0.346410000000    -0.244949000000     0.000000000000
H          0.173205000000    -0.244949000000    -0.300000000000
H          0.173205000000    -0.244949000000     0.300000000000
H         -0.000000000000    -0.734847000000     0.000000000000
