H         -1.212436000000     0.428660500000     0.000000000000
H         -0.303109000000     0.428660500000    -0.525000000000
H         -0.303109000000     0.428660500000     0.525000000000
H          0.606218000000     0.428660500000    -1.050000000000
H          0.606218000000     0.428660500000     0.000000000000
H          0.606218000000     0.428660500000     1.050000000000
H         -0.606218000000    -0.428660500000     0.000000000000
H          0.303109000000    -0.428660500000    -0.525000000000
H          0.303109000000    -0.428660500000     0.525000000000
H          0.000000000000    -1.285981500000     0.000000000000
