H         -2.136196000000     0.755259500000     0.000000000000
H         -0.534049000000     0.755259500000    -0.925000000000
H         -0.534049000000     0.755259500000     0.925000000000
H          1.068098000000     0.755259500000    -1.850000000000
H          1.068098000000     0.755259500000     0.000000000000
H          1.068098000000     0.755259500000     1.850000000000
H         -1.068098000000    -0.755259500000     0.000000000000
H          0.534049000000    -0.755259500000    -0.925000000000
H          0.534049000000    -0.755259500000     0.925000000000
H          0.000000000000    -2.265778500000     0.000000000000
