H         -1.674316000000     0.591960000000     0.000000000000
H         -0.418579000000     0.591960000000    -0.725000000000
H         -0.418579000000     0.591960000000     0.725000000000
H          0.837158000000     0.591960000000    -1.450000000000
H          0.837158000000     0.591960000000     0.000000000000
H          0.837158000000     0.591960000000     1.450000000000
H         -0.837158000000    -0.591960000000     0.000000000000
H          0.418579000000    -0.591960000000    -0.725000000000
H          0.418579000000    -0.591960000000     0.725000000000
H          0.000000000000    -1.775880000000     0.000000000000
