H         -1.327906000000     0.469485500000     0.000000000000
H         -0.331976000000     0.469485500000    -0.575000000000
H         -0.331976000000     0.469485500000     0.575000000000
H          0.663953000000     0.469485500000    -1.150000000000
H          0.663953000000     0.469485500000     0.000000000000
H          0.663953000000     0.469485500000     1.150000000000
H         -0.663953000000    -0.469485500000     0.000000000000
H          0.331976000000    -0.469485500000    -0.575000000000
H          0.331976000000    -0.469485500000     0.575000000000
H          0.000000000000    -1.408456500000     0.000000000000
