H         -2.251666000000     0.796084000000     0.000000000000
H         -0.562917000000     0.796084000000    -0.975000000000
H         -0.562917000000     0.796084000000     0.975000000000
H          1.125833000000     0.796084000000    -1.950000000000
H          1.125833000000     0.796084000000     0.000000000000
H          1.125833000000     0.796084000000     1.950000000000
H         -1.125833000000    -0.796084000000     0.000000000000
H          0.562917000000    -0.796084000000    -0.975000000000
H          0.562917000000    -0.796084000000     0.975000000000
H         -0.000000000000    -2.388252000000     0.000000000000
