H         -1.154700900000     0.408248500000     0.000000000000
H         -0.288674900000     0.408248500000    -0.500000000000
H         -0.288674900000     0.408248500000     0.500000000000
H          0.577350100000     0.408248500000    -1.000000000000
H          0.577350100000     0.408248500000     0.000000000000
H          0.577350100000     0.408248500000     1.000000000000
H         -0.577349900000    -0.408248500000     0.000000000000
H          0.288675100000    -0.408248500000    -0.500000000000
H          0.288675100000    -0.408248500000     0.500000000000
H          0.000000100000    -1.224745500000     0.000000000000
