H         -2.193931100000     0.775672000000     0.000000000000
H         -0.548483100000     0.775672000000    -0.950000000000
H         -0.548483100000     0.775672000000     0.950000000000
H          1.096965900000     0.775672000000    -1.900000000000
H          1.096965900000     0.775672000000     0.000000000000
H          1.096965900000     0.775672000000     1.900000000000
H         -1.096966100000    -0.775672000000     0.000000000000
H          0.548482900000    -0.775672000000    -0.950000000000
H          0.548482900000    -0.775672000000     0.950000000000
H         -0.000000100000    -2.327016000000     0.000000000000
