H         -2.020726000000     0.714434500000     0.000000000000
H         -0.505181000000     0.714434500000    -0.875000000000
H         -0.505181000000     0.714434500000     0.875000000000
H          1.010363000000     0.714434500000    -1.750000000000
H          1.010363000000     0.714434500000     0.000000000000
H          1.010363000000     0.714434500000     1.750000000000
H         -1.010363000000    -0.714434500000     0.000000000000
H          0.505181000000    -0.714434500000    -0.875000000000
H          0.505181000000    -0.714434500000     0.875000000000
H         -0.000000000000    -2.143303500000     0.000000000000
