H         -1.443376000000     0.510310500000     0.000000000000
H         -0.360844000000     0.510310500000    -0.625000000000
H         -0.360844000000     0.510310500000     0.625000000000
H          0.721688000000     0.510310500000    -1.250000000000
H          0.721688000000     0.510310500000     0.000000000000
H          0.721688000000     0.510310500000     1.250000000000
H         -0.721688000000    -0.510310500000     0.000000000000
H          0.360844000000    -0.510310500000    -0.625000000000
H          0.360844000000    -0.510310500000     0.625000000000
H          0.000000000000    -1.530931500000     0.000000000000
