H         -1.905256000000     0.673609500000     0.000000000000
H         -0.476314000000     0.673609500000    -0.825000000000
H         -0.476314000000     0.673609500000     0.825000000000
H          0.952628000000     0.673609500000    -1.650000000000
H          0.952628000000     0.673609500000     0.000000000000
H          0.952628000000     0.673609500000     1.650000000000
H         -0.952628000000    -0.673609500000     0.000000000000
H          0.476314000000    -0.673609500000    -0.825000000000
H          0.476314000000    -0.673609500000     0.825000000000
H          0.000000000000    -2.020828500000     0.000000000000
