H         -1.732050900000     0.612372500000     0.000000000000
H         -0.433012900000     0.612372500000    -0.750000000000
H         -0.433012900000     0.612372500000     0.750000000000
H          0.866025100000     0.612372500000    -1.500000000000
H          0.866025100000     0.612372500000     0.000000000000
H          0.866025100000     0.612372500000     1.500000000000
H         -0.866024900000    -0.612372500000     0.000000000000
H          0.433013100000    -0.612372500000    -0.750000000000
H          0.433013100000    -0.612372500000     0.750000000000
H          0.000000100000    -1.837117500000     0.000000000000
