H         -1.616580900000     0.571547500000     0.000000000000
H         -0.404144900000     0.571547500000    -0.700000000000
H         -0.404144900000     0.571547500000     0.700000000000
H          0.808290100000     0.571547500000    -1.400000000000
H          0.808290100000     0.571547500000     0.000000000000
H          0.808290100000     0.571547500000     1.400000000000
H         -0.808289900000    -0.571547500000     0.000000000000
H          0.404145100000    -0.571547500000    -0.700000000000
H          0.404145100000    -0.571547500000     0.700000000000
H          0.000000100000    -1.714642500000     0.000000000000
