H         -1.501110900000     0.530723000000     0.000000000000
H         -0.375277900000     0.530723000000    -0.650000000000
H         -0.375277900000     0.530723000000     0.650000000000
H          0.750555100000     0.530723000000    -1.300000000000
H          0.750555100000     0.530723000000     0.000000000000
H          0.750555100000     0.530723000000     1.300000000000
H         -0.750554900000    -0.530723000000     0.000000000000
H          0.375278100000    -0.530723000000    -0.650000000000
H          0.375278100000    -0.530723000000     0.650000000000
H          0.000000100000    -1.592169000000     0.000000000000
