H         -1.789786000000     0.632785000000     0.000000000000
H         -0.447446000000     0.632785000000    -0.775000000000
H         -0.447446000000     0.632785000000     0.775000000000
H          0.894893000000     0.632785000000    -1.550000000000
H          0.894893000000     0.632785000000     0.000000000000
H          0.894893000000     0.632785000000     1.550000000000
H         -0.894893000000    -0.632785000000     0.000000000000
H          0.447446000000    -0.632785000000    -0.775000000000
H          0.447446000000    -0.632785000000     0.775000000000
H          0.000000000000    -1.898355000000     0.000000000000
