H         -2.078460900000     0.734847000000     0.000000000000
H         -0.519614900000     0.734847000000    -0.900000000000
H         -0.519614900000     0.734847000000     0.900000000000
H          1.039230100000     0.734847000000    -1.800000000000
H          1.039230100000     0.734847000000     0.000000000000
H          1.039230100000     0.734847000000     1.800000000000
H         -1.039229900000    -0.734847000000     0.000000000000
H          0.519615100000    -0.734847000000    -0.900000000000
H          0.519615100000    -0.734847000000     0.900000000000
H          0.000000100000    -2.204541000000     0.000000000000
