H         -1.847520900000     0.653197500000     0.000000000000
H         -0.461879900000     0.653197500000    -0.800000000000
H         -0.461879900000     0.653197500000     0.800000000000
H          0.923760100000     0.653197500000    -1.600000000000
H          0.923760100000     0.653197500000     0.000000000000
H          0.923760100000     0.653197500000     1.600000000000
H         -0.923759900000    -0.653197500000     0.000000000000
H          0.461880100000    -0.653197500000    -0.800000000000
H          0.461880100000    -0.653197500000     0.800000000000
H          0.000000100000    -1.959592500000     0.000000000000
