H         -1.270170900000     0.449073000000     0.000000000000
H         -0.317542900000     0.449073000000    -0.550000000000
H         -0.317542900000     0.449073000000     0.550000000000
H          0.635085100000     0.449073000000    -1.100000000000
H          0.635085100000     0.449073000000     0.000000000000
H          0.635085100000     0.449073000000     1.100000000000
H         -0.635084900000    -0.449073000000     0.000000000000
H          0.317543100000    -0.449073000000    -0.550000000000
H          0.317543100000    -0.449073000000     0.550000000000
H          0.000000100000    -1.347219000000     0.000000000000
