H         -1.558846000000     0.551135000000     0.000000000000
H         -0.389711000000     0.551135000000    -0.675000000000
H         -0.389711000000     0.551135000000     0.675000000000
H          0.779423000000     0.551135000000    -1.350000000000
H          0.779423000000     0.551135000000     0.000000000000
H          0.779423000000     0.551135000000     1.350000000000
H         -0.779423000000    -0.551135000000     0.000000000000
H          0.389711000000    -0.551135000000    -0.675000000000
H          0.389711000000    -0.551135000000     0.675000000000
H          0.000000000000    -1.653405000000     0.000000000000
