H         -1.385640900000     0.489898000000     0.000000000000
H         -0.346409900000     0.489898000000    -0.600000000000
H         -0.346409900000     0.489898000000     0.600000000000
H          0.692820100000     0.489898000000    -1.200000000000
H          0.692820100000     0.489898000000     0.000000000000
H          0.692820100000     0.489898000000     1.200000000000
H         -0.692819900000    -0.489898000000     0.000000000000
H          0.346410100000    -0.489898000000    -0.600000000000
H          0.346410100000    -0.489898000000     0.600000000000
H          0.000000100000    -1.469694000000     0.000000000000
