H         -1.962990900000     0.694022000000     0.000000000000
H         -0.490747900000     0.694022000000    -0.850000000000
H         -0.490747900000     0.694022000000     0.850000000000
H          0.981495100000     0.694022000000    -1.700000000000
H          0.981495100000     0.694022000000     0.000000000000
H          0.981495100000     0.694022000000     1.700000000000
H         -0.981494900000    -0.694022000000     0.000000000000
H          0.490748100000    -0.694022000000    -0.850000000000
H          0.490748100000    -0.694022000000     0.850000000000
H          0.000000100000    -2.082066000000     0.000000000000
