H         -2.309401100000     0.816496500000     0.000000000000
H         -0.577350100000     0.816496500000    -1.000000000000
H         -0.577350100000     0.816496500000     1.000000000000
H          1.154700900000     0.816496500000    -2.000000000000
H          1.154700900000     0.816496500000     0.000000000000
H          1.154700900000     0.816496500000     2.000000000000
H         -1.154701100000    -0.816496500000     0.000000000000
H          0.577349900000    -0.816496500000    -1.000000000000
H          0.577349900000    -0.816496500000     1.000000000000
H         -0.000000100000    -2.449489500000     0.000000000000
