H          0.000000000000     0.000000000000     3.375000000000
H          0.000000000000     0.000000000000     2.625000000000
H          0.000000000000     0.000000000000     1.875000000000
H          0.000000000000     0.000000000000     1.125000000000
H          0.000000000000     0.000000000000     0.375000000000
H          0.000000000000     0.000000000000    -0.375000000000
H          0.000000000000     0.000000000000    -1.125000000000
H          0.000000000000     0.000000000000    -1.875000000000
H          0.000000000000     0.000000000000    -2.625000000000
H          0.000000000000     0.000000000000    -3.375000000000
