H          0.000000000000     0.000000000000     2.250000000000
H          0.000000000000     0.000000000000     1.750000000000
H          0.000000000000     0.000000000000     1.250000000000
H          0.000000000000     0.000000000000     0.750000000000
H          0.000000000000     0.000000000000     0.250000000000
H          0.000000000000     0.000000000000    -0.250000000000
H          0.000000000000     0.000000000000    -0.750000000000
H          0.000000000000     0.000000000000    -1.250000000000
H          0.000000000000     0.000000000000    -1.750000000000
H          0.000000000000     0.000000000000    -2.250000000000
