H          0.000000000000     0.000000000000     3.150000000000
H          0.000000000000     0.000000000000     2.450000000000
H          0.000000000000     0.000000000000     1.750000000000
H          0.000000000000     0.000000000000     1.050000000000
H          0.000000000000     0.000000000000     0.350000000000
H          0.000000000000     0.000000000000    -0.350000000000
H          0.000000000000     0.000000000000    -1.050000000000
H          0.000000000000     0.000000000000    -1.750000000000
H          0.000000000000     0.000000000000    -2.450000000000
H          0.000000000000     0.000000000000    -3.150000000000
