H          0.000000000000     0.000000000000     2.475000000000
H          0.000000000000     0.000000000000     1.925000000000
H          0.000000000000     0.000000000000     1.375000000000
H          0.000000000000     0.000000000000     0.825000000000
H          0.000000000000     0.000000000000     0.275000000000
H          0.000000000000     0.000000000000    -0.275000000000
H          0.000000000000     0.000000000000    -0.825000000000
H          0.000000000000     0.000000000000    -1.375000000000
H          0.000000000000     0.000000000000    -1.925000000000
H          0.000000000000     0.000000000000    -2.475000000000
