H          0.000000000000     0.000000000000     4.275000000000
H          0.000000000000     0.000000000000     3.325000000000
H          0.000000000000     0.000000000000     2.375000000000
H          0.000000000000     0.000000000000     1.425000000000
H          0.000000000000     0.000000000000     0.475000000000
H          0.000000000000     0.000000000000    -0.475000000000
H          0.000000000000     0.000000000000    -1.425000000000
H          0.000000000000     0.000000000000    -2.375000000000
H          0.000000000000     0.000000000000    -3.325000000000
H          0.000000000000     0.000000000000    -4.275000000000
