H          0.000000000000     0.000000000000     2.925000000000
H          0.000000000000     0.000000000000     2.275000000000
H          0.000000000000     0.000000000000     1.625000000000
H          0.000000000000     0.000000000000     0.975000000000
H          0.000000000000     0.000000000000     0.325000000000
H          0.000000000000     0.000000000000    -0.325000000000
H          0.000000000000     0.000000000000    -0.975000000000
H          0.000000000000     0.000000000000    -1.625000000000
H          0.000000000000     0.000000000000    -2.275000000000
H          0.000000000000     0.000000000000    -2.925000000000
