H          0.000000000000     0.000000000000     3.825000000000
H          0.000000000000     0.000000000000     2.975000000000
H          0.000000000000     0.000000000000     2.125000000000
H          0.000000000000     0.000000000000     1.275000000000
H          0.000000000000     0.000000000000     0.425000000000
H          0.000000000000     0.000000000000    -0.425000000000
H          0.000000000000     0.000000000000    -1.275000000000
H          0.000000000000     0.000000000000    -2.125000000000
H          0.000000000000     0.000000000000    -2.975000000000
H          0.000000000000     0.000000000000    -3.825000000000
