H          0.000000000000     0.000000000000     2.700000000000
H          0.000000000000     0.000000000000     2.100000000000
H          0.000000000000     0.000000000000     1.500000000000
H          0.000000000000     0.000000000000     0.900000000000
H          0.000000000000     0.000000000000     0.300000000000
H          0.000000000000     0.000000000000    -0.300000000000
H          0.000000000000     0.000000000000    -0.900000000000
H          0.000000000000     0.000000000000    -1.500000000000
H          0.000000000000     0.000000000000    -2.100000000000
H          0.000000000000     0.000000000000    -2.700000000000
