H          0.000000000000     0.000000000000     3.600000000000
H          0.000000000000     0.000000000000     2.800000000000
H          0.000000000000     0.000000000000     2.000000000000
H          0.000000000000     0.000000000000     1.200000000000
H          0.000000000000     0.000000000000     0.400000000000
H          0.000000000000     0.000000000000    -0.400000000000
H          0.000000000000     0.000000000000    -1.200000000000
H          0.000000000000     0.000000000000    -2.000000000000
H          0.000000000000     0.000000000000    -2.800000000000
H          0.000000000000     0.000000000000    -3.600000000000
