H          0.000000000000     0.000000000000     4.050000000000
H          0.000000000000     0.000000000000     3.150000000000
H          0.000000000000     0.000000000000     2.250000000000
H          0.000000000000     0.000000000000     1.350000000000
H          0.000000000000     0.000000000000     0.450000000000
H          0.000000000000     0.000000000000    -0.450000000000
H          0.000000000000     0.000000000000    -1.350000000000
H          0.000000000000     0.000000000000    -2.250000000000
H          0.000000000000     0.000000000000    -3.150000000000
H          0.000000000000     0.000000000000    -4.050000000000
