H          0.000000000000     0.000000000000     5.400000000000
H          0.000000000000     0.000000000000     4.200000000000
H          0.000000000000     0.000000000000     3.000000000000
H          0.000000000000     0.000000000000     1.800000000000
H          0.000000000000     0.000000000000     0.600000000000
H          0.000000000000     0.000000000000    -0.600000000000
H          0.000000000000     0.000000000000    -1.800000000000
H          0.000000000000     0.000000000000    -3.000000000000
H          0.000000000000     0.000000000000    -4.200000000000
H          0.000000000000     0.000000000000    -5.400000000000
