H          0.000000000000     0.000000000000     8.550000000000
H          0.000000000000     0.000000000000     6.650000000000
H          0.000000000000     0.000000000000     4.750000000000
H          0.000000000000     0.000000000000     2.850000000000
H          0.000000000000     0.000000000000     0.950000000000
H          0.000000000000     0.000000000000    -0.950000000000
H          0.000000000000     0.000000000000    -2.850000000000
H          0.000000000000     0.000000000000    -4.750000000000
H          0.000000000000     0.000000000000    -6.650000000000
H          0.000000000000     0.000000000000    -8.550000000000
