H          0.000000000000     0.000000000000     6.975000000000
H          0.000000000000     0.000000000000     5.425000000000
H          0.000000000000     0.000000000000     3.875000000000
H          0.000000000000     0.000000000000     2.325000000000
H          0.000000000000     0.000000000000     0.775000000000
H          0.000000000000     0.000000000000    -0.775000000000
H          0.000000000000     0.000000000000    -2.325000000000
H          0.000000000000     0.000000000000    -3.875000000000
H          0.000000000000     0.000000000000    -5.425000000000
H          0.000000000000     0.000000000000    -6.975000000000
