H          0.000000000000     0.000000000000     5.850000000000
H          0.000000000000     0.000000000000     4.550000000000
H          0.000000000000     0.000000000000     3.250000000000
H          0.000000000000     0.000000000000     1.950000000000
H          0.000000000000     0.000000000000     0.650000000000
H          0.000000000000     0.000000000000    -0.650000000000
H          0.000000000000     0.000000000000    -1.950000000000
H          0.000000000000     0.000000000000    -3.250000000000
H          0.000000000000     0.000000000000    -4.550000000000
H          0.000000000000     0.000000000000    -5.850000000000
