H          0.000000000000     0.000000000000     6.300000000000
H          0.000000000000     0.000000000000     4.900000000000
H          0.000000000000     0.000000000000     3.500000000000
H          0.000000000000     0.000000000000     2.100000000000
H          0.000000000000     0.000000000000     0.700000000000
H          0.000000000000     0.000000000000    -0.700000000000
H          0.000000000000     0.000000000000    -2.100000000000
H          0.000000000000     0.000000000000    -3.500000000000
H          0.000000000000     0.000000000000    -4.900000000000
H          0.000000000000     0.000000000000    -6.300000000000
