H          0.000000000000     0.000000000000     4.725000000000
H          0.000000000000     0.000000000000     3.675000000000
H          0.000000000000     0.000000000000     2.625000000000
H          0.000000000000     0.000000000000     1.575000000000
H          0.000000000000     0.000000000000     0.525000000000
H          0.000000000000     0.000000000000    -0.525000000000
H          0.000000000000     0.000000000000    -1.575000000000
H          0.000000000000     0.000000000000    -2.625000000000
H          0.000000000000     0.000000000000    -3.675000000000
H          0.000000000000     0.000000000000    -4.725000000000
