H          0.000000000000     0.000000000000     8.775000000000
H          0.000000000000     0.000000000000     6.825000000000
H          0.000000000000     0.000000000000     4.875000000000
H          0.000000000000     0.000000000000     2.925000000000
H          0.000000000000     0.000000000000     0.975000000000
H          0.000000000000     0.000000000000    -0.975000000000
H          0.000000000000     0.000000000000    -2.925000000000
H          0.000000000000     0.000000000000    -4.875000000000
H          0.000000000000     0.000000000000    -6.825000000000
H          0.000000000000     0.000000000000    -8.775000000000
