H          0.000000000000     0.000000000000     7.425000000000
H          0.000000000000     0.000000000000     5.775000000000
H          0.000000000000     0.000000000000     4.125000000000
H          0.000000000000     0.000000000000     2.475000000000
H          0.000000000000     0.000000000000     0.825000000000
H          0.000000000000     0.000000000000    -0.825000000000
H          0.000000000000     0.000000000000    -2.475000000000
H          0.000000000000     0.000000000000    -4.125000000000
H          0.000000000000     0.000000000000    -5.775000000000
H          0.000000000000     0.000000000000    -7.425000000000
