H          0.000000000000     0.000000000000     8.325000000000
H          0.000000000000     0.000000000000     6.475000000000
H          0.000000000000     0.000000000000     4.625000000000
H          0.000000000000     0.000000000000     2.775000000000
H          0.000000000000     0.000000000000     0.925000000000
H          0.000000000000     0.000000000000    -0.925000000000
H          0.000000000000     0.000000000000    -2.775000000000
H          0.000000000000     0.000000000000    -4.625000000000
H          0.000000000000     0.000000000000    -6.475000000000
H          0.000000000000     0.000000000000    -8.325000000000
