H          0.000000000000     0.000000000000     7.650000000000
H          0.000000000000     0.000000000000     5.950000000000
H          0.000000000000     0.000000000000     4.250000000000
H          0.000000000000     0.000000000000     2.550000000000
H          0.000000000000     0.000000000000     0.850000000000
H          0.000000000000     0.000000000000    -0.850000000000
H          0.000000000000     0.000000000000    -2.550000000000
H          0.000000000000     0.000000000000    -4.250000000000
H          0.000000000000     0.000000000000    -5.950000000000
H          0.000000000000     0.000000000000    -7.650000000000
