H          0.000000000000     0.000000000000     5.625000000000
H          0.000000000000     0.000000000000     4.375000000000
H          0.000000000000     0.000000000000     3.125000000000
H          0.000000000000     0.000000000000     1.875000000000
H          0.000000000000     0.000000000000     0.625000000000
H          0.000000000000     0.000000000000    -0.625000000000
H          0.000000000000     0.000000000000    -1.875000000000
H          0.000000000000     0.000000000000    -3.125000000000
H          0.000000000000     0.000000000000    -4.375000000000
H          0.000000000000     0.000000000000    -5.625000000000
