H          0.000000000000     0.000000000000     7.875000000000
H          0.000000000000     0.000000000000     6.125000000000
H          0.000000000000     0.000000000000     4.375000000000
H          0.000000000000     0.000000000000     2.625000000000
H          0.000000000000     0.000000000000     0.875000000000
H          0.000000000000     0.000000000000    -0.875000000000
H          0.000000000000     0.000000000000    -2.625000000000
H          0.000000000000     0.000000000000    -4.375000000000
H          0.000000000000     0.000000000000    -6.125000000000
H          0.000000000000     0.000000000000    -7.875000000000
