H          0.000000000000     0.000000000000     7.200000000000
H          0.000000000000     0.000000000000     5.600000000000
H          0.000000000000     0.000000000000     4.000000000000
H          0.000000000000     0.000000000000     2.400000000000
H          0.000000000000     0.000000000000     0.800000000000
H          0.000000000000     0.000000000000    -0.800000000000
H          0.000000000000     0.000000000000    -2.400000000000
H          0.000000000000     0.000000000000    -4.000000000000
H          0.000000000000     0.000000000000    -5.600000000000
H          0.000000000000     0.000000000000    -7.200000000000
