H          0.000000000000     0.000000000000     4.950000000000
H          0.000000000000     0.000000000000     3.850000000000
H          0.000000000000     0.000000000000     2.750000000000
H          0.000000000000     0.000000000000     1.650000000000
H          0.000000000000     0.000000000000     0.550000000000
H          0.000000000000     0.000000000000    -0.550000000000
H          0.000000000000     0.000000000000    -1.650000000000
H          0.000000000000     0.000000000000    -2.750000000000
H          0.000000000000     0.000000000000    -3.850000000000
H          0.000000000000     0.000000000000    -4.950000000000 
