H          0.000000000000     0.000000000000     5.175000000000
H          0.000000000000     0.000000000000     4.025000000000
H          0.000000000000     0.000000000000     2.875000000000
H          0.000000000000     0.000000000000     1.725000000000
H          0.000000000000     0.000000000000     0.575000000000
H          0.000000000000     0.000000000000    -0.575000000000
H          0.000000000000     0.000000000000    -1.725000000000
H          0.000000000000     0.000000000000    -2.875000000000
H          0.000000000000     0.000000000000    -4.025000000000
H          0.000000000000     0.000000000000    -5.175000000000
