H          0.000000000000     0.000000000000     6.525000000000
H          0.000000000000     0.000000000000     5.075000000000
H          0.000000000000     0.000000000000     3.625000000000
H          0.000000000000     0.000000000000     2.175000000000
H          0.000000000000     0.000000000000     0.725000000000
H          0.000000000000     0.000000000000    -0.725000000000
H          0.000000000000     0.000000000000    -2.175000000000
H          0.000000000000     0.000000000000    -3.625000000000
H          0.000000000000     0.000000000000    -5.075000000000
H          0.000000000000     0.000000000000    -6.525000000000
