H          0.000000000000     0.000000000000     6.075000000000
H          0.000000000000     0.000000000000     4.725000000000
H          0.000000000000     0.000000000000     3.375000000000
H          0.000000000000     0.000000000000     2.025000000000
H          0.000000000000     0.000000000000     0.675000000000
H          0.000000000000     0.000000000000    -0.675000000000
H          0.000000000000     0.000000000000    -2.025000000000
H          0.000000000000     0.000000000000    -3.375000000000
H          0.000000000000     0.000000000000    -4.725000000000
H          0.000000000000     0.000000000000    -6.075000000000
