H          0.000000000000     0.000000000000     8.100000000000
H          0.000000000000     0.000000000000     6.300000000000
H          0.000000000000     0.000000000000     4.500000000000
H          0.000000000000     0.000000000000     2.700000000000
H          0.000000000000     0.000000000000     0.900000000000
H          0.000000000000     0.000000000000    -0.900000000000
H          0.000000000000     0.000000000000    -2.700000000000
H          0.000000000000     0.000000000000    -4.500000000000
H          0.000000000000     0.000000000000    -6.300000000000
H          0.000000000000     0.000000000000    -8.100000000000
