H          0.000000000000     0.000000000000     4.500000000000
H          0.000000000000     0.000000000000     3.500000000000
H          0.000000000000     0.000000000000     2.500000000000
H          0.000000000000     0.000000000000     1.500000000000
H          0.000000000000     0.000000000000     0.500000000000
H          0.000000000000     0.000000000000    -0.500000000000
H          0.000000000000     0.000000000000    -1.500000000000
H          0.000000000000     0.000000000000    -2.500000000000
H          0.000000000000     0.000000000000    -3.500000000000
H          0.000000000000     0.000000000000    -4.500000000000
