H          0.000000000000     0.000000000000     9.000000000000
H          0.000000000000     0.000000000000     7.000000000000
H          0.000000000000     0.000000000000     5.000000000000
H          0.000000000000     0.000000000000     3.000000000000
H          0.000000000000     0.000000000000     1.000000000000
H          0.000000000000     0.000000000000    -1.000000000000
H          0.000000000000     0.000000000000    -3.000000000000
H          0.000000000000     0.000000000000    -5.000000000000
H          0.000000000000     0.000000000000    -7.000000000000
H          0.000000000000     0.000000000000    -9.000000000000
