H         -0.950000000000     0.822724000000     0.000000000000
H         -0.000000000000     0.822724000000     0.000000000000
H          0.950000000000     0.822724000000     0.000000000000
H         -1.425000000000    -0.000000000000     0.000000000000
H         -0.475000000000    -0.000000000000     0.000000000000
H          0.475000000000     0.000000000000     0.000000000000
H          1.425000000000     0.000000000000     0.000000000000
H         -0.950000000000    -0.822724000000     0.000000000000
H          0.000000000000    -0.822724000000     0.000000000000
H          0.950000000000    -0.822724000000     0.000000000000
