H         -0.900000000000     0.779423000000     0.000000000000
H         -0.000000000000     0.779423000000     0.000000000000
H          0.900000000000     0.779423000000     0.000000000000
H         -1.350000000000    -0.000000000000     0.000000000000
H         -0.450000000000    -0.000000000000     0.000000000000
H          0.450000000000     0.000000000000     0.000000000000
H          1.350000000000     0.000000000000     0.000000000000
H         -0.900000000000    -0.779423000000     0.000000000000
H          0.000000000000    -0.779423000000     0.000000000000
H          0.900000000000    -0.779423000000     0.000000000000
