H         -0.600000000000     0.519615000000     0.000000000000
H         -0.000000000000     0.519615000000     0.000000000000
H          0.600000000000     0.519615000000     0.000000000000
H         -0.900000000000    -0.000000000000     0.000000000000
H         -0.300000000000    -0.000000000000     0.000000000000
H          0.300000000000     0.000000000000     0.000000000000
H          0.900000000000     0.000000000000     0.000000000000
H         -0.600000000000    -0.519615000000     0.000000000000
H          0.000000000000    -0.519615000000     0.000000000000
H          0.600000000000    -0.519615000000     0.000000000000
