H         -0.800000000000     0.692820000000     0.000000000000
H         -0.000000000000     0.692820000000     0.000000000000
H          0.800000000000     0.692820000000     0.000000000000
H         -1.200000000000    -0.000000000000     0.000000000000
H         -0.400000000000    -0.000000000000     0.000000000000
H          0.400000000000     0.000000000000     0.000000000000
H          1.200000000000     0.000000000000     0.000000000000
H         -0.800000000000    -0.692820000000     0.000000000000
H          0.000000000000    -0.692820000000     0.000000000000
H          0.800000000000    -0.692820000000     0.000000000000
