H         -0.550000000000     0.476314000000     0.000000000000
H         -0.000000000000     0.476314000000     0.000000000000
H          0.550000000000     0.476314000000     0.000000000000
H         -0.825000000000    -0.000000000000     0.000000000000
H         -0.275000000000    -0.000000000000     0.000000000000
H          0.275000000000     0.000000000000     0.000000000000
H          0.825000000000     0.000000000000     0.000000000000
H         -0.550000000000    -0.476314000000     0.000000000000
H          0.000000000000    -0.476314000000     0.000000000000
H          0.550000000000    -0.476314000000     0.000000000000s
