H         -0.700000000000     0.606218000000     0.000000000000
H         -0.000000000000     0.606218000000     0.000000000000
H          0.700000000000     0.606218000000     0.000000000000
H         -1.050000000000    -0.000000000000     0.000000000000
H         -0.350000000000    -0.000000000000     0.000000000000
H          0.350000000000     0.000000000000     0.000000000000
H          1.050000000000     0.000000000000     0.000000000000
H         -0.700000000000    -0.606218000000     0.000000000000
H          0.000000000000    -0.606218000000     0.000000000000
H          0.700000000000    -0.606218000000     0.000000000000
