H         -0.750000000000     0.649519000000     0.000000000000
H         -0.000000000000     0.649519000000     0.000000000000
H          0.750000000000     0.649519000000     0.000000000000
H         -1.125000000000    -0.000000000000     0.000000000000
H         -0.375000000000    -0.000000000000     0.000000000000
H          0.375000000000     0.000000000000     0.000000000000
H          1.125000000000     0.000000000000     0.000000000000
H         -0.750000000000    -0.649519000000     0.000000000000
H          0.000000000000    -0.649519000000     0.000000000000
H          0.750000000000    -0.649519000000     0.000000000000
