H         -0.850000000000     0.736122000000     0.000000000000
H         -0.000000000000     0.736122000000     0.000000000000
H          0.850000000000     0.736122000000     0.000000000000
H         -1.275000000000    -0.000000000000     0.000000000000
H         -0.425000000000    -0.000000000000     0.000000000000
H          0.425000000000     0.000000000000     0.000000000000
H          1.275000000000     0.000000000000     0.000000000000
H         -0.850000000000    -0.736122000000     0.000000000000
H          0.000000000000    -0.736122000000     0.000000000000
H          0.850000000000    -0.736122000000     0.000000000000
