H         -0.650000000000     0.562917000000     0.000000000000
H         -0.000000000000     0.562917000000     0.000000000000
H          0.650000000000     0.562917000000     0.000000000000
H         -0.975000000000    -0.000000000000     0.000000000000
H         -0.325000000000    -0.000000000000     0.000000000000
H          0.325000000000     0.000000000000     0.000000000000
H          0.975000000000     0.000000000000     0.000000000000
H         -0.650000000000    -0.562917000000     0.000000000000
H          0.000000000000    -0.562917000000     0.000000000000
H          0.650000000000    -0.562917000000     0.000000000000
