H         -1.100000000000     0.952628000000     0.000000000000
H         -0.000000000000     0.952628000000     0.000000000000
H          1.100000000000     0.952628000000     0.000000000000
H         -1.650000000000    -0.000000000000     0.000000000000
H         -0.550000000000    -0.000000000000     0.000000000000
H          0.550000000000     0.000000000000     0.000000000000
H          1.650000000000     0.000000000000     0.000000000000
H         -1.100000000000    -0.952628000000     0.000000000000
H          0.000000000000    -0.952628000000     0.000000000000
H          1.100000000000    -0.952628000000     0.000000000000
