H         -1.500000000000     1.299038000000     0.000000000000
H         -0.000000000000     1.299038000000     0.000000000000
H          1.500000000000     1.299038000000     0.000000000000
H         -2.250000000000    -0.000000000000     0.000000000000
H         -0.750000000000    -0.000000000000     0.000000000000
H          0.750000000000     0.000000000000     0.000000000000
H          2.250000000000     0.000000000000     0.000000000000
H         -1.500000000000    -1.299038000000     0.000000000000
H          0.000000000000    -1.299038000000     0.000000000000
H          1.500000000000    -1.299038000000     0.000000000000
