H         -1.950000000000     1.688750000000     0.000000000000
H         -0.000000000000     1.688750000000     0.000000000000
H          1.950000000000     1.688750000000     0.000000000000
H         -2.925000000000    -0.000000000000     0.000000000000
H         -0.975000000000    -0.000000000000     0.000000000000
H          0.975000000000     0.000000000000     0.000000000000
H          2.925000000000     0.000000000000     0.000000000000
H         -1.950000000000    -1.688750000000     0.000000000000
H          0.000000000000    -1.688750000000     0.000000000000
H          1.950000000000    -1.688750000000     0.000000000000
