H         -1.150000000000     0.995929000000     0.000000000000
H         -0.000000000000     0.995929000000     0.000000000000
H          1.150000000000     0.995929000000     0.000000000000
H         -1.725000000000    -0.000000000000     0.000000000000
H         -0.575000000000    -0.000000000000     0.000000000000
H          0.575000000000     0.000000000000     0.000000000000
H          1.725000000000     0.000000000000     0.000000000000
H         -1.150000000000    -0.995929000000     0.000000000000
H          0.000000000000    -0.995929000000     0.000000000000
H          1.150000000000    -0.995929000000     0.000000000000
