H         -1.900000000000     1.645448000000     0.000000000000
H         -0.000000000000     1.645448000000     0.000000000000
H          1.900000000000     1.645448000000     0.000000000000
H         -2.850000000000    -0.000000000000     0.000000000000
H         -0.950000000000    -0.000000000000     0.000000000000
H          0.950000000000     0.000000000000     0.000000000000
H          2.850000000000     0.000000000000     0.000000000000
H         -1.900000000000    -1.645448000000     0.000000000000
H          0.000000000000    -1.645448000000     0.000000000000
H          1.900000000000    -1.645448000000     0.000000000000
