H         -1.300000000000     1.125833000000     0.000000000000
H         -0.000000000000     1.125833000000     0.000000000000
H          1.300000000000     1.125833000000     0.000000000000
H         -1.950000000000    -0.000000000000     0.000000000000
H         -0.650000000000    -0.000000000000     0.000000000000
H          0.650000000000     0.000000000000     0.000000000000
H          1.950000000000     0.000000000000     0.000000000000
H         -1.300000000000    -1.125833000000     0.000000000000
H          0.000000000000    -1.125833000000     0.000000000000
H          1.300000000000    -1.125833000000     0.000000000000
