H         -1.400000000000     1.212436000000     0.000000000000
H         -0.000000000000     1.212436000000     0.000000000000
H          1.400000000000     1.212436000000     0.000000000000
H         -2.100000000000    -0.000000000000     0.000000000000
H         -0.700000000000    -0.000000000000     0.000000000000
H          0.700000000000     0.000000000000     0.000000000000
H          2.100000000000     0.000000000000     0.000000000000
H         -1.400000000000    -1.212436000000     0.000000000000
H          0.000000000000    -1.212436000000     0.000000000000
H          1.400000000000    -1.212436000000     0.000000000000
