H         -1.650000000000     1.428942000000     0.000000000000
H         -0.000000000000     1.428942000000     0.000000000000
H          1.650000000000     1.428942000000     0.000000000000
H         -2.475000000000    -0.000000000000     0.000000000000
H         -0.825000000000    -0.000000000000     0.000000000000
H          0.825000000000     0.000000000000     0.000000000000
H          2.475000000000     0.000000000000     0.000000000000
H         -1.650000000000    -1.428942000000     0.000000000000
H          0.000000000000    -1.428942000000     0.000000000000
H          1.650000000000    -1.428942000000     0.000000000000
