H         -1.250000000000     1.082532000000     0.000000000000
H         -0.000000000000     1.082532000000     0.000000000000
H          1.250000000000     1.082532000000     0.000000000000
H         -1.875000000000    -0.000000000000     0.000000000000
H         -0.625000000000    -0.000000000000     0.000000000000
H          0.625000000000     0.000000000000     0.000000000000
H          1.875000000000     0.000000000000     0.000000000000
H         -1.250000000000    -1.082532000000     0.000000000000
H          0.000000000000    -1.082532000000     0.000000000000
H          1.250000000000    -1.082532000000     0.000000000000
