H         -1.700000000000     1.472243000000     0.000000000000
H         -0.000000000000     1.472243000000     0.000000000000
H          1.700000000000     1.472243000000     0.000000000000
H         -2.550000000000    -0.000000000000     0.000000000000
H         -0.850000000000    -0.000000000000     0.000000000000
H          0.850000000000     0.000000000000     0.000000000000
H          2.550000000000     0.000000000000     0.000000000000
H         -1.700000000000    -1.472243000000     0.000000000000
H          0.000000000000    -1.472243000000     0.000000000000
H          1.700000000000    -1.472243000000     0.000000000000
