H         -1.600000000000     1.385641000000     0.000000000000
H         -0.000000000000     1.385641000000     0.000000000000
H          1.600000000000     1.385641000000     0.000000000000
H         -2.400000000000    -0.000000000000     0.000000000000
H         -0.800000000000    -0.000000000000     0.000000000000
H          0.800000000000     0.000000000000     0.000000000000
H          2.400000000000     0.000000000000     0.000000000000
H         -1.600000000000    -1.385641000000     0.000000000000
H          0.000000000000    -1.385641000000     0.000000000000
H          1.600000000000    -1.385641000000     0.000000000000
