H         -1.550000000000     1.342339000000     0.000000000000
H         -0.000000000000     1.342339000000     0.000000000000
H          1.550000000000     1.342339000000     0.000000000000
H         -2.325000000000    -0.000000000000     0.000000000000
H         -0.775000000000    -0.000000000000     0.000000000000
H          0.775000000000     0.000000000000     0.000000000000
H          2.325000000000     0.000000000000     0.000000000000
H         -1.550000000000    -1.342339000000     0.000000000000
H          0.000000000000    -1.342339000000     0.000000000000
H          1.550000000000    -1.342339000000     0.000000000000
