H         -1.050000000000     0.909327000000     0.000000000000
H         -0.000000000000     0.909327000000     0.000000000000
H          1.050000000000     0.909327000000     0.000000000000
H         -1.575000000000    -0.000000000000     0.000000000000
H         -0.525000000000    -0.000000000000     0.000000000000
H          0.525000000000     0.000000000000     0.000000000000
H          1.575000000000     0.000000000000     0.000000000000
H         -1.050000000000    -0.909327000000     0.000000000000
H          0.000000000000    -0.909327000000     0.000000000000
H          1.050000000000    -0.909327000000     0.000000000000
