H         -1.200000000000     1.039230000000     0.000000000000
H         -0.000000000000     1.039230000000     0.000000000000
H          1.200000000000     1.039230000000     0.000000000000
H         -1.800000000000    -0.000000000000     0.000000000000
H         -0.600000000000    -0.000000000000     0.000000000000
H          0.600000000000     0.000000000000     0.000000000000
H          1.800000000000     0.000000000000     0.000000000000
H         -1.200000000000    -1.039230000000     0.000000000000
H          0.000000000000    -1.039230000000     0.000000000000
H          1.200000000000    -1.039230000000     0.000000000000
