H         -1.000000000000     0.866025000000     0.000000000000
H         -0.000000000000     0.866025000000     0.000000000000
H          1.000000000000     0.866025000000     0.000000000000
H         -1.500000000000    -0.000000000000     0.000000000000
H         -0.500000000000    -0.000000000000     0.000000000000
H          0.500000000000     0.000000000000     0.000000000000
H          1.500000000000     0.000000000000     0.000000000000
H         -1.000000000000    -0.866025000000     0.000000000000
H          0.000000000000    -0.866025000000     0.000000000000
H          1.000000000000    -0.866025000000     0.000000000000
