H         -2.000000000000     1.732051000000     0.000000000000
H         -0.000000000000     1.732051000000     0.000000000000
H          2.000000000000     1.732051000000     0.000000000000
H         -3.000000000000    -0.000000000000     0.000000000000
H         -1.000000000000    -0.000000000000     0.000000000000
H          1.000000000000     0.000000000000     0.000000000000
H          3.000000000000     0.000000000000     0.000000000000
H         -2.000000000000    -1.732051000000     0.000000000000
H          0.000000000000    -1.732051000000     0.000000000000
H          2.000000000000    -1.732051000000     0.000000000000
