H          1.132624000000     0.000000000000     0.000000000000
H          0.916312000000     0.665740000000     0.000000000000
H          0.350000000000     1.077189000000     0.000000000000
H         -0.350000000000     1.077189000000     0.000000000000
H         -0.916312000000     0.665740000000     0.000000000000
H         -1.132624000000    -0.000000000000     0.000000000000
H         -0.916312000000    -0.665740000000     0.000000000000
H         -0.350000000000    -1.077189000000     0.000000000000
H          0.350000000000    -1.077189000000     0.000000000000
H          0.916312000000    -0.665740000000     0.000000000000
