H          0.970820000000     0.000000000000     0.000000000000
H          0.785410000000     0.570634000000     0.000000000000
H          0.300000000000     0.923305000000     0.000000000000
H         -0.300000000000     0.923305000000     0.000000000000
H         -0.785410000000     0.570634000000     0.000000000000
H         -0.970820000000    -0.000000000000     0.000000000000
H         -0.785410000000    -0.570634000000     0.000000000000
H         -0.300000000000    -0.923305000000     0.000000000000
H          0.300000000000    -0.923305000000     0.000000000000
H          0.785410000000    -0.570634000000     0.000000000000
