H          0.809017000000     0.000000000000     0.000000000000
H          0.654508000000     0.475528000000     0.000000000000
H          0.250000000000     0.769421000000     0.000000000000
H         -0.250000000000     0.769421000000     0.000000000000
H         -0.654508000000     0.475528000000     0.000000000000
H         -0.809017000000    -0.000000000000     0.000000000000
H         -0.654508000000    -0.475528000000     0.000000000000
H         -0.250000000000    -0.769421000000     0.000000000000
H          0.250000000000    -0.769421000000     0.000000000000
H          0.654508000000    -0.475528000000     0.000000000000
