H          0.889919000000     0.000000000000     0.000000000000
H          0.719959000000     0.523081000000     0.000000000000
H          0.275000000000     0.846363000000     0.000000000000
H         -0.275000000000     0.846363000000     0.000000000000
H         -0.719959000000     0.523081000000     0.000000000000
H         -0.889919000000    -0.000000000000     0.000000000000
H         -0.719959000000    -0.523081000000     0.000000000000
H         -0.275000000000    -0.846363000000     0.000000000000
H          0.275000000000    -0.846363000000     0.000000000000
H          0.719959000000    -0.523081000000     0.000000000000
