H          1.456231000000     0.000000000000     0.000000000000
H          1.178115000000     0.855951000000     0.000000000000
H          0.450000000000     1.384958000000     0.000000000000
H         -0.450000000000     1.384958000000     0.000000000000
H         -1.178115000000     0.855951000000     0.000000000000
H         -1.456231000000    -0.000000000000     0.000000000000
H         -1.178115000000    -0.855951000000     0.000000000000
H         -0.450000000000    -1.384958000000     0.000000000000
H          0.450000000000    -1.384958000000     0.000000000000
H          1.178115000000    -0.855951000000     0.000000000000
