H          1.294427000000     0.000000000000     0.000000000000
H          1.047214000000     0.760845000000     0.000000000000
H          0.400000000000     1.231073000000     0.000000000000
H         -0.400000000000     1.231073000000     0.000000000000
H         -1.047214000000     0.760845000000     0.000000000000
H         -1.294427000000    -0.000000000000     0.000000000000
H         -1.047214000000    -0.760845000000     0.000000000000
H         -0.400000000000    -1.231073000000     0.000000000000
H          0.400000000000    -1.231073000000     0.000000000000
H          1.047214000000    -0.760845000000     0.000000000000
