H          1.051722000000     0.000000000000     0.000000000000
H          0.850861000000     0.618187000000     0.000000000000
H          0.325000000000     1.000247000000     0.000000000000
H         -0.325000000000     1.000247000000     0.000000000000
H         -0.850861000000     0.618187000000     0.000000000000
H         -1.051722000000    -0.000000000000     0.000000000000
H         -0.850861000000    -0.618187000000     0.000000000000
H         -0.325000000000    -1.000247000000     0.000000000000
H          0.325000000000    -1.000247000000     0.000000000000
H          0.850861000000    -0.618187000000     0.000000000000
