H          1.537132000000     0.000000000000     0.000000000000
H          1.243566000000     0.903504000000     0.000000000000
H          0.475000000000     1.461900000000     0.000000000000
H         -0.475000000000     1.461900000000     0.000000000000
H         -1.243566000000     0.903504000000     0.000000000000
H         -1.537132000000    -0.000000000000     0.000000000000
H         -1.243566000000    -0.903504000000     0.000000000000
H         -0.475000000000    -1.461900000000     0.000000000000
H          0.475000000000    -1.461900000000     0.000000000000
H          1.243566000000    -0.903504000000     0.000000000000
