H          1.375329000000     0.000000000000     0.000000000000
H          1.112664000000     0.808398000000     0.000000000000
H          0.425000000000     1.308016000000     0.000000000000
H         -0.425000000000     1.308016000000     0.000000000000
H         -1.112664000000     0.808398000000     0.000000000000
H         -1.375329000000    -0.000000000000     0.000000000000
H         -1.112664000000    -0.808398000000     0.000000000000
H         -0.425000000000    -1.308016000000     0.000000000000
H          0.425000000000    -1.308016000000     0.000000000000
H          1.112664000000    -0.808398000000     0.000000000000
