H          1.213525000000     0.000000000000     0.000000000000
H          0.981763000000     0.713292000000     0.000000000000
H          0.375000000000     1.154131000000     0.000000000000
H         -0.375000000000     1.154131000000     0.000000000000
H         -0.981763000000     0.713292000000     0.000000000000
H         -1.213525000000    -0.000000000000     0.000000000000
H         -0.981763000000    -0.713292000000     0.000000000000
H         -0.375000000000    -1.154131000000     0.000000000000
H          0.375000000000    -1.154131000000     0.000000000000
H          0.981763000000    -0.713292000000     0.000000000000
