H          2.507953000000     0.000000000000     0.000000000000
H          2.028976000000     1.474138000000     0.000000000000
H          0.775000000000     2.385205000000     0.000000000000
H         -0.775000000000     2.385205000000     0.000000000000
H         -2.028976000000     1.474138000000     0.000000000000
H         -2.507953000000    -0.000000000000     0.000000000000
H         -2.028976000000    -1.474138000000     0.000000000000
H         -0.775000000000    -2.385205000000     0.000000000000
H          0.775000000000    -2.385205000000     0.000000000000
H          2.028976000000    -1.474138000000     0.000000000000
