H          3.074265000000     0.000000000000     0.000000000000
H          2.487132000000     1.807007000000     0.000000000000
H          0.950000000000     2.923799000000     0.000000000000
H         -0.950000000000     2.923799000000     0.000000000000
H         -2.487132000000     1.807007000000     0.000000000000
H         -3.074265000000    -0.000000000000     0.000000000000
H         -2.487132000000    -1.807007000000     0.000000000000
H         -0.950000000000    -2.923799000000     0.000000000000
H          0.950000000000    -2.923799000000     0.000000000000
H          2.487132000000    -1.807007000000     0.000000000000
