H          2.346149000000     0.000000000000     0.000000000000
H          1.898075000000     1.379032000000     0.000000000000
H          0.725000000000     2.231321000000     0.000000000000
H         -0.725000000000     2.231321000000     0.000000000000
H         -1.898075000000     1.379032000000     0.000000000000
H         -2.346149000000    -0.000000000000     0.000000000000
H         -1.898075000000    -1.379032000000     0.000000000000
H         -0.725000000000    -2.231321000000     0.000000000000
H          0.725000000000    -2.231321000000     0.000000000000
H          1.898075000000    -1.379032000000     0.000000000000
