H          2.427050983125     0.000000000000     0.000000000000
H          1.963525491562     1.426584774443     0.000000000000
H          0.750000000000     2.308262652881     0.000000000000
H         -0.750000000000     2.308262652881     0.000000000000
H         -1.963525491562     1.426584774443     0.000000000000
H         -2.427050983125    -0.000000000000     0.000000000000
H         -1.963525491562    -1.426584774443     0.000000000000
H         -0.750000000000    -2.308262652881     0.000000000000
H          0.750000000000    -2.308262652881     0.000000000000
H          1.963525491562    -1.426584774443     0.000000000000
