H          2.022542000000     0.000000000000     0.000000000000
H          1.636271000000     1.188821000000     0.000000000000
H          0.625000000000     1.923552000000     0.000000000000
H         -0.625000000000     1.923552000000     0.000000000000
H         -1.636271000000     1.188821000000     0.000000000000
H         -2.022542000000    -0.000000000000     0.000000000000
H         -1.636271000000    -1.188821000000     0.000000000000
H         -0.625000000000    -1.923552000000     0.000000000000
H          0.625000000000    -1.923552000000     0.000000000000
H          1.636271000000    -1.188821000000     0.000000000000
