H          2.669756000000     0.000000000000     0.000000000000
H          2.159878000000     1.569243000000     0.000000000000
H          0.825000000000     2.539089000000     0.000000000000
H         -0.825000000000     2.539089000000     0.000000000000
H         -2.159878000000     1.569243000000     0.000000000000
H         -2.669756000000    -0.000000000000     0.000000000000
H         -2.159878000000    -1.569243000000     0.000000000000
H         -0.825000000000    -2.539089000000     0.000000000000
H          0.825000000000    -2.539089000000     0.000000000000
H          2.159878000000    -1.569243000000     0.000000000000
