H          2.750658000000     0.000000000000     0.000000000000
H          2.225329000000     1.616796000000     0.000000000000
H          0.850000000000     2.616031000000     0.000000000000
H         -0.850000000000     2.616031000000     0.000000000000
H         -2.225329000000     1.616796000000     0.000000000000
H         -2.750658000000    -0.000000000000     0.000000000000
H         -2.225329000000    -1.616796000000     0.000000000000
H         -0.850000000000    -2.616031000000     0.000000000000
H          0.850000000000    -2.616031000000     0.000000000000
H          2.225329000000    -1.616796000000     0.000000000000
