H          2.184346000000     0.000000000000     0.000000000000
H          1.767173000000     1.283926000000     0.000000000000
H          0.675000000000     2.077436000000     0.000000000000
H         -0.675000000000     2.077436000000     0.000000000000
H         -1.767173000000     1.283926000000     0.000000000000
H         -2.184346000000    -0.000000000000     0.000000000000
H         -1.767173000000    -1.283926000000     0.000000000000
H         -0.675000000000    -2.077436000000     0.000000000000
H          0.675000000000    -2.077436000000     0.000000000000
H          1.767173000000    -1.283926000000     0.000000000000
