H          2.912461000000     0.000000000000     0.000000000000
H          2.356231000000     1.711902000000     0.000000000000
H          0.900000000000     2.769915000000     0.000000000000
H         -0.900000000000     2.769915000000     0.000000000000
H         -2.356231000000     1.711902000000     0.000000000000
H         -2.912461000000    -0.000000000000     0.000000000000
H         -2.356231000000    -1.711902000000     0.000000000000
H         -0.900000000000    -2.769915000000     0.000000000000
H          0.900000000000    -2.769915000000     0.000000000000
H          2.356231000000    -1.711902000000     0.000000000000
