H          2.103444000000     0.000000000000     0.000000000000
H          1.701722000000     1.236373000000     0.000000000000
H          0.650000000000     2.000494000000     0.000000000000
H         -0.650000000000     2.000494000000     0.000000000000
H         -1.701722000000     1.236373000000     0.000000000000
H         -2.103444000000    -0.000000000000     0.000000000000
H         -1.701722000000    -1.236373000000     0.000000000000
H         -0.650000000000    -2.000494000000     0.000000000000
H          0.650000000000    -2.000494000000     0.000000000000
H          1.701722000000    -1.236373000000     0.000000000000
