H          2.831559000000     0.000000000000     0.000000000000
H          2.290780000000     1.664349000000     0.000000000000
H          0.875000000000     2.692973000000     0.000000000000
H         -0.875000000000     2.692973000000     0.000000000000
H         -2.290780000000     1.664349000000     0.000000000000
H         -2.831559000000    -0.000000000000     0.000000000000
H         -2.290780000000    -1.664349000000     0.000000000000
H         -0.875000000000    -2.692973000000     0.000000000000
H          0.875000000000    -2.692973000000     0.000000000000
H          2.290780000000    -1.664349000000     0.000000000000
