H          1.698936000000     0.000000000000     0.000000000000
H          1.374468000000     0.998609000000     0.000000000000
H          0.525000000000     1.615784000000     0.000000000000
H         -0.525000000000     1.615784000000     0.000000000000
H         -1.374468000000     0.998609000000     0.000000000000
H         -1.698936000000    -0.000000000000     0.000000000000
H         -1.374468000000    -0.998609000000     0.000000000000
H         -0.525000000000    -1.615784000000     0.000000000000
H          0.525000000000    -1.615784000000     0.000000000000
H          1.374468000000    -0.998609000000     0.000000000000
