H          2.265248000000     0.000000000000     0.000000000000
H          1.832624000000     1.331479000000     0.000000000000
H          0.700000000000     2.154378000000     0.000000000000
H         -0.700000000000     2.154378000000     0.000000000000
H         -1.832624000000     1.331479000000     0.000000000000
H         -2.265248000000    -0.000000000000     0.000000000000
H         -1.832624000000    -1.331479000000     0.000000000000
H         -0.700000000000    -2.154378000000     0.000000000000
H          0.700000000000    -2.154378000000     0.000000000000
H          1.832624000000    -1.331479000000     0.000000000000
