H          1.941641000000     0.000000000000     0.000000000000
H          1.570820000000     1.141268000000     0.000000000000
H          0.600000000000     1.846610000000     0.000000000000
H         -0.600000000000     1.846610000000     0.000000000000
H         -1.570820000000     1.141268000000     0.000000000000
H         -1.941641000000    -0.000000000000     0.000000000000
H         -1.570820000000    -1.141268000000     0.000000000000
H         -0.600000000000    -1.846610000000     0.000000000000
H          0.600000000000    -1.846610000000     0.000000000000
H          1.570820000000    -1.141268000000     0.000000000000
