H          2.993363000000     0.000000000000     0.000000000000
H          2.421681000000     1.759455000000     0.000000000000
H          0.925000000000     2.846857000000     0.000000000000
H         -0.925000000000     2.846857000000     0.000000000000
H         -2.421681000000     1.759455000000     0.000000000000
H         -2.993363000000    -0.000000000000     0.000000000000
H         -2.421681000000    -1.759455000000     0.000000000000
H         -0.925000000000    -2.846857000000     0.000000000000
H          0.925000000000    -2.846857000000     0.000000000000
H          2.421681000000    -1.759455000000     0.000000000000
