H          1.618034000000     0.000000000000     0.000000000000
H          1.309017000000     0.951057000000     0.000000000000
H          0.500000000000     1.538842000000     0.000000000000
H         -0.500000000000     1.538842000000     0.000000000000
H         -1.309017000000     0.951057000000     0.000000000000
H         -1.618034000000    -0.000000000000     0.000000000000
H         -1.309017000000    -0.951057000000     0.000000000000
H         -0.500000000000    -1.538842000000     0.000000000000
H          0.500000000000    -1.538842000000     0.000000000000
H          1.309017000000    -0.951057000000     0.000000000000
