H          1.779837000000     0.000000000000     0.000000000000
H          1.439919000000     1.046162000000     0.000000000000
H          0.550000000000     1.692726000000     0.000000000000
H         -0.550000000000     1.692726000000     0.000000000000
H         -1.439919000000     1.046162000000     0.000000000000
H         -1.779837000000    -0.000000000000     0.000000000000
H         -1.439919000000    -1.046162000000     0.000000000000
H         -0.550000000000    -1.692726000000     0.000000000000
H          0.550000000000    -1.692726000000     0.000000000000
H          1.439919000000    -1.046162000000     0.000000000000
