H          2.588854000000     0.000000000000     0.000000000000
H          2.094427000000     1.521690000000     0.000000000000
H          0.800000000000     2.462147000000     0.000000000000
H         -0.800000000000     2.462147000000     0.000000000000
H         -2.094427000000     1.521690000000     0.000000000000
H         -2.588854000000    -0.000000000000     0.000000000000
H         -2.094427000000    -1.521690000000     0.000000000000
H         -0.800000000000    -2.462147000000     0.000000000000
H          0.800000000000    -2.462147000000     0.000000000000
H          2.094427000000    -1.521690000000     0.000000000000
