H          1.860739000000     0.000000000000     0.000000000000
H          1.505370000000     1.093715000000     0.000000000000
H          0.575000000000     1.769668000000     0.000000000000
H         -0.575000000000     1.769668000000     0.000000000000
H         -1.505370000000     1.093715000000     0.000000000000
H         -1.860739000000    -0.000000000000     0.000000000000
H         -1.505370000000    -1.093715000000     0.000000000000
H         -0.575000000000    -1.769668000000     0.000000000000
H          0.575000000000    -1.769668000000     0.000000000000
H          1.505370000000    -1.093715000000     0.000000000000
