H          3.155166000000     0.000000000000     0.000000000000
H          2.552583000000     1.854560000000     0.000000000000
H          0.975000000000     3.000741000000     0.000000000000
H         -0.975000000000     3.000741000000     0.000000000000
H         -2.552583000000     1.854560000000     0.000000000000
H         -3.155166000000    -0.000000000000     0.000000000000
H         -2.552583000000    -1.854560000000     0.000000000000
H         -0.975000000000    -3.000741000000     0.000000000000
H          0.975000000000    -3.000741000000     0.000000000000
H          2.552583000000    -1.854560000000     0.000000000000
