H          3.236068000000     0.000000000000     0.000000000000
H          2.618034000000     1.902113000000     0.000000000000
H          1.000000000000     3.077684000000     0.000000000000
H         -1.000000000000     3.077684000000     0.000000000000
H         -2.618034000000     1.902113000000     0.000000000000
H         -3.236068000000    -0.000000000000     0.000000000000
H         -2.618034000000    -1.902113000000     0.000000000000
H         -1.000000000000    -3.077684000000     0.000000000000
H          1.000000000000    -3.077684000000     0.000000000000
H          2.618034000000    -1.902113000000     0.000000000000
